{
 "cells": [
  {
   "cell_type": "code",
   "execution_count": 1,
   "id": "01e195ab",
   "metadata": {},
   "outputs": [
    {
     "name": "stderr",
     "output_type": "stream",
     "text": [
      "C:\\Users\\naman\\anaconda3\\Lib\\site-packages\\pandas\\core\\arrays\\masked.py:60: UserWarning: Pandas requires version '1.3.6' or newer of 'bottleneck' (version '1.3.5' currently installed).\n",
      "  from pandas.core import (\n",
      "[*********************100%%**********************]  1 of 1 completed\n",
      "[*********************100%%**********************]  1 of 1 completed\n",
      "[*********************100%%**********************]  1 of 1 completed\n",
      "[*********************100%%**********************]  1 of 1 completed\n",
      "[*********************100%%**********************]  1 of 1 completed\n",
      "[*********************100%%**********************]  1 of 1 completed\n",
      "[*********************100%%**********************]  1 of 1 completed\n",
      "[*********************100%%**********************]  1 of 1 completed\n",
      "[*********************100%%**********************]  1 of 1 completed\n",
      "[*********************100%%**********************]  1 of 1 completed\n",
      "[*********************100%%**********************]  1 of 1 completed\n",
      "[*********************100%%**********************]  1 of 1 completed\n",
      "[*********************100%%**********************]  1 of 1 completed\n",
      "[*********************100%%**********************]  1 of 1 completed"
     ]
    },
    {
     "name": "stdout",
     "output_type": "stream",
     "text": [
      "(544, 14)\n"
     ]
    },
    {
     "name": "stderr",
     "output_type": "stream",
     "text": [
      "\n"
     ]
    },
    {
     "data": {
      "text/html": [
       "<div>\n",
       "<style scoped>\n",
       "    .dataframe tbody tr th:only-of-type {\n",
       "        vertical-align: middle;\n",
       "    }\n",
       "\n",
       "    .dataframe tbody tr th {\n",
       "        vertical-align: top;\n",
       "    }\n",
       "\n",
       "    .dataframe thead th {\n",
       "        text-align: right;\n",
       "    }\n",
       "</style>\n",
       "<table border=\"1\" class=\"dataframe\">\n",
       "  <thead>\n",
       "    <tr style=\"text-align: right;\">\n",
       "      <th></th>\n",
       "      <th>DPZ</th>\n",
       "      <th>AAPL</th>\n",
       "      <th>GOOG</th>\n",
       "      <th>AMD</th>\n",
       "      <th>GME</th>\n",
       "      <th>SPY</th>\n",
       "      <th>NFLX</th>\n",
       "      <th>BA</th>\n",
       "      <th>WMT</th>\n",
       "      <th>GS</th>\n",
       "      <th>XOM</th>\n",
       "      <th>NKE</th>\n",
       "      <th>BRK-B</th>\n",
       "      <th>MSFT</th>\n",
       "    </tr>\n",
       "    <tr>\n",
       "      <th>Date</th>\n",
       "      <th></th>\n",
       "      <th></th>\n",
       "      <th></th>\n",
       "      <th></th>\n",
       "      <th></th>\n",
       "      <th></th>\n",
       "      <th></th>\n",
       "      <th></th>\n",
       "      <th></th>\n",
       "      <th></th>\n",
       "      <th></th>\n",
       "      <th></th>\n",
       "      <th></th>\n",
       "      <th></th>\n",
       "    </tr>\n",
       "  </thead>\n",
       "  <tbody>\n",
       "    <tr>\n",
       "      <th>2024-11-22</th>\n",
       "      <td>451.877472</td>\n",
       "      <td>229.869995</td>\n",
       "      <td>166.381256</td>\n",
       "      <td>138.350006</td>\n",
       "      <td>27.900000</td>\n",
       "      <td>595.510010</td>\n",
       "      <td>897.789978</td>\n",
       "      <td>149.289993</td>\n",
       "      <td>90.240067</td>\n",
       "      <td>599.808594</td>\n",
       "      <td>121.790001</td>\n",
       "      <td>77.006958</td>\n",
       "      <td>476.570007</td>\n",
       "      <td>417.000000</td>\n",
       "    </tr>\n",
       "    <tr>\n",
       "      <th>2024-11-25</th>\n",
       "      <td>467.656036</td>\n",
       "      <td>232.869995</td>\n",
       "      <td>169.237991</td>\n",
       "      <td>141.130005</td>\n",
       "      <td>29.670000</td>\n",
       "      <td>597.530029</td>\n",
       "      <td>865.590027</td>\n",
       "      <td>153.100006</td>\n",
       "      <td>89.302147</td>\n",
       "      <td>600.057312</td>\n",
       "      <td>119.970001</td>\n",
       "      <td>78.857513</td>\n",
       "      <td>477.429993</td>\n",
       "      <td>418.790009</td>\n",
       "    </tr>\n",
       "    <tr>\n",
       "      <th>2024-11-26</th>\n",
       "      <td>471.373932</td>\n",
       "      <td>235.059998</td>\n",
       "      <td>170.426651</td>\n",
       "      <td>137.720001</td>\n",
       "      <td>30.330000</td>\n",
       "      <td>600.650024</td>\n",
       "      <td>872.599976</td>\n",
       "      <td>150.759995</td>\n",
       "      <td>91.108139</td>\n",
       "      <td>602.515137</td>\n",
       "      <td>117.970001</td>\n",
       "      <td>77.215889</td>\n",
       "      <td>478.559998</td>\n",
       "      <td>427.989990</td>\n",
       "    </tr>\n",
       "    <tr>\n",
       "      <th>2024-11-27</th>\n",
       "      <td>470.805786</td>\n",
       "      <td>234.929993</td>\n",
       "      <td>170.626434</td>\n",
       "      <td>136.240005</td>\n",
       "      <td>30.889999</td>\n",
       "      <td>598.830017</td>\n",
       "      <td>877.340027</td>\n",
       "      <td>152.399994</td>\n",
       "      <td>91.676880</td>\n",
       "      <td>602.445435</td>\n",
       "      <td>117.660004</td>\n",
       "      <td>77.942177</td>\n",
       "      <td>483.079987</td>\n",
       "      <td>422.989990</td>\n",
       "    </tr>\n",
       "    <tr>\n",
       "      <th>2024-11-29</th>\n",
       "      <td>474.643280</td>\n",
       "      <td>237.330002</td>\n",
       "      <td>170.296799</td>\n",
       "      <td>137.179993</td>\n",
       "      <td>29.049999</td>\n",
       "      <td>602.549988</td>\n",
       "      <td>886.809998</td>\n",
       "      <td>155.440002</td>\n",
       "      <td>92.295509</td>\n",
       "      <td>605.570007</td>\n",
       "      <td>117.959999</td>\n",
       "      <td>78.369995</td>\n",
       "      <td>483.019989</td>\n",
       "      <td>423.459991</td>\n",
       "    </tr>\n",
       "  </tbody>\n",
       "</table>\n",
       "</div>"
      ],
      "text/plain": [
       "                   DPZ        AAPL        GOOG         AMD        GME  \\\n",
       "Date                                                                    \n",
       "2024-11-22  451.877472  229.869995  166.381256  138.350006  27.900000   \n",
       "2024-11-25  467.656036  232.869995  169.237991  141.130005  29.670000   \n",
       "2024-11-26  471.373932  235.059998  170.426651  137.720001  30.330000   \n",
       "2024-11-27  470.805786  234.929993  170.626434  136.240005  30.889999   \n",
       "2024-11-29  474.643280  237.330002  170.296799  137.179993  29.049999   \n",
       "\n",
       "                   SPY        NFLX          BA        WMT          GS  \\\n",
       "Date                                                                    \n",
       "2024-11-22  595.510010  897.789978  149.289993  90.240067  599.808594   \n",
       "2024-11-25  597.530029  865.590027  153.100006  89.302147  600.057312   \n",
       "2024-11-26  600.650024  872.599976  150.759995  91.108139  602.515137   \n",
       "2024-11-27  598.830017  877.340027  152.399994  91.676880  602.445435   \n",
       "2024-11-29  602.549988  886.809998  155.440002  92.295509  605.570007   \n",
       "\n",
       "                   XOM        NKE       BRK-B        MSFT  \n",
       "Date                                                       \n",
       "2024-11-22  121.790001  77.006958  476.570007  417.000000  \n",
       "2024-11-25  119.970001  78.857513  477.429993  418.790009  \n",
       "2024-11-26  117.970001  77.215889  478.559998  427.989990  \n",
       "2024-11-27  117.660004  77.942177  483.079987  422.989990  \n",
       "2024-11-29  117.959999  78.369995  483.019989  423.459991  "
      ]
     },
     "execution_count": 1,
     "metadata": {},
     "output_type": "execute_result"
    }
   ],
   "source": [
    "import pandas as pd\n",
    "import pandas_datareader as pdr\n",
    "from datetime import datetime\n",
    "import yfinance as yf\n",
    "\n",
    "def get_historical_Data(tickers):\n",
    "    df = pd.DataFrame()\n",
    "    names = list()\n",
    "    for i in tickers:\n",
    "        df = pd.concat([df, pd.DataFrame(yf.download(i, start=datetime(2022, 10, 1), end=datetime(2024,12, 1)).iloc[:,4])], axis = 1)\n",
    "        names.append(i)\n",
    "    df.columns = names\n",
    "    return df\n",
    "\n",
    "ticks = [\"DPZ\", \"AAPL\", \"GOOG\", \"AMD\", \"GME\", \"SPY\", \"NFLX\", \"BA\", \"WMT\",\"GS\",\"XOM\",\"NKE\",\"BRK-B\", \"MSFT\"] #Name of company (Dominos pizza)\n",
    "df = get_historical_Data(ticks)\n",
    "print(df.shape)\n",
    "# most Recent Data\n",
    "df.tail()"
   ]
  },
  {
   "cell_type": "code",
   "execution_count": 2,
   "id": "401cd7bc",
   "metadata": {},
   "outputs": [
    {
     "data": {
      "text/plain": [
       "(544, 14)"
      ]
     },
     "execution_count": 2,
     "metadata": {},
     "output_type": "execute_result"
    }
   ],
   "source": [
    "df.shape"
   ]
  },
  {
   "cell_type": "code",
   "execution_count": 3,
   "id": "a7fb828b",
   "metadata": {},
   "outputs": [
    {
     "data": {
      "text/html": [
       "<div>\n",
       "<style scoped>\n",
       "    .dataframe tbody tr th:only-of-type {\n",
       "        vertical-align: middle;\n",
       "    }\n",
       "\n",
       "    .dataframe tbody tr th {\n",
       "        vertical-align: top;\n",
       "    }\n",
       "\n",
       "    .dataframe thead th {\n",
       "        text-align: right;\n",
       "    }\n",
       "</style>\n",
       "<table border=\"1\" class=\"dataframe\">\n",
       "  <thead>\n",
       "    <tr style=\"text-align: right;\">\n",
       "      <th></th>\n",
       "      <th>DPZ</th>\n",
       "      <th>AAPL</th>\n",
       "      <th>GOOG</th>\n",
       "      <th>AMD</th>\n",
       "      <th>GME</th>\n",
       "      <th>SPY</th>\n",
       "      <th>NFLX</th>\n",
       "      <th>BA</th>\n",
       "      <th>WMT</th>\n",
       "      <th>GS</th>\n",
       "      <th>XOM</th>\n",
       "      <th>NKE</th>\n",
       "      <th>BRK-B</th>\n",
       "      <th>MSFT</th>\n",
       "    </tr>\n",
       "  </thead>\n",
       "  <tbody>\n",
       "    <tr>\n",
       "      <th>DPZ</th>\n",
       "      <td>1.000000</td>\n",
       "      <td>0.567057</td>\n",
       "      <td>0.838901</td>\n",
       "      <td>0.791743</td>\n",
       "      <td>-0.053495</td>\n",
       "      <td>0.806595</td>\n",
       "      <td>0.800043</td>\n",
       "      <td>-0.238510</td>\n",
       "      <td>0.651959</td>\n",
       "      <td>0.709455</td>\n",
       "      <td>0.584027</td>\n",
       "      <td>-0.576032</td>\n",
       "      <td>0.774107</td>\n",
       "      <td>0.816313</td>\n",
       "    </tr>\n",
       "    <tr>\n",
       "      <th>AAPL</th>\n",
       "      <td>0.567057</td>\n",
       "      <td>1.000000</td>\n",
       "      <td>0.864897</td>\n",
       "      <td>0.707032</td>\n",
       "      <td>0.161443</td>\n",
       "      <td>0.892365</td>\n",
       "      <td>0.865382</td>\n",
       "      <td>-0.206706</td>\n",
       "      <td>0.867235</td>\n",
       "      <td>0.772938</td>\n",
       "      <td>0.542514</td>\n",
       "      <td>-0.653269</td>\n",
       "      <td>0.868982</td>\n",
       "      <td>0.855372</td>\n",
       "    </tr>\n",
       "    <tr>\n",
       "      <th>GOOG</th>\n",
       "      <td>0.838901</td>\n",
       "      <td>0.864897</td>\n",
       "      <td>1.000000</td>\n",
       "      <td>0.847518</td>\n",
       "      <td>0.009715</td>\n",
       "      <td>0.933513</td>\n",
       "      <td>0.914535</td>\n",
       "      <td>-0.275088</td>\n",
       "      <td>0.828746</td>\n",
       "      <td>0.783799</td>\n",
       "      <td>0.634718</td>\n",
       "      <td>-0.724639</td>\n",
       "      <td>0.906713</td>\n",
       "      <td>0.953567</td>\n",
       "    </tr>\n",
       "    <tr>\n",
       "      <th>AMD</th>\n",
       "      <td>0.791743</td>\n",
       "      <td>0.707032</td>\n",
       "      <td>0.847518</td>\n",
       "      <td>1.000000</td>\n",
       "      <td>-0.213191</td>\n",
       "      <td>0.853304</td>\n",
       "      <td>0.845321</td>\n",
       "      <td>-0.069233</td>\n",
       "      <td>0.660712</td>\n",
       "      <td>0.626417</td>\n",
       "      <td>0.434190</td>\n",
       "      <td>-0.487051</td>\n",
       "      <td>0.825121</td>\n",
       "      <td>0.939143</td>\n",
       "    </tr>\n",
       "    <tr>\n",
       "      <th>GME</th>\n",
       "      <td>-0.053495</td>\n",
       "      <td>0.161443</td>\n",
       "      <td>0.009715</td>\n",
       "      <td>-0.213191</td>\n",
       "      <td>1.000000</td>\n",
       "      <td>0.054684</td>\n",
       "      <td>0.047374</td>\n",
       "      <td>-0.321304</td>\n",
       "      <td>0.188294</td>\n",
       "      <td>0.271122</td>\n",
       "      <td>0.122914</td>\n",
       "      <td>-0.216409</td>\n",
       "      <td>-0.005808</td>\n",
       "      <td>-0.119686</td>\n",
       "    </tr>\n",
       "    <tr>\n",
       "      <th>SPY</th>\n",
       "      <td>0.806595</td>\n",
       "      <td>0.892365</td>\n",
       "      <td>0.933513</td>\n",
       "      <td>0.853304</td>\n",
       "      <td>0.054684</td>\n",
       "      <td>1.000000</td>\n",
       "      <td>0.988377</td>\n",
       "      <td>-0.342414</td>\n",
       "      <td>0.939799</td>\n",
       "      <td>0.911394</td>\n",
       "      <td>0.710781</td>\n",
       "      <td>-0.708974</td>\n",
       "      <td>0.983032</td>\n",
       "      <td>0.933168</td>\n",
       "    </tr>\n",
       "    <tr>\n",
       "      <th>NFLX</th>\n",
       "      <td>0.800043</td>\n",
       "      <td>0.865382</td>\n",
       "      <td>0.914535</td>\n",
       "      <td>0.845321</td>\n",
       "      <td>0.047374</td>\n",
       "      <td>0.988377</td>\n",
       "      <td>1.000000</td>\n",
       "      <td>-0.348135</td>\n",
       "      <td>0.933878</td>\n",
       "      <td>0.903393</td>\n",
       "      <td>0.696785</td>\n",
       "      <td>-0.689114</td>\n",
       "      <td>0.971687</td>\n",
       "      <td>0.921600</td>\n",
       "    </tr>\n",
       "    <tr>\n",
       "      <th>BA</th>\n",
       "      <td>-0.238510</td>\n",
       "      <td>-0.206706</td>\n",
       "      <td>-0.275088</td>\n",
       "      <td>-0.069233</td>\n",
       "      <td>-0.321304</td>\n",
       "      <td>-0.342414</td>\n",
       "      <td>-0.348135</td>\n",
       "      <td>1.000000</td>\n",
       "      <td>-0.518904</td>\n",
       "      <td>-0.506903</td>\n",
       "      <td>-0.476359</td>\n",
       "      <td>0.684117</td>\n",
       "      <td>-0.350228</td>\n",
       "      <td>-0.162804</td>\n",
       "    </tr>\n",
       "    <tr>\n",
       "      <th>WMT</th>\n",
       "      <td>0.651959</td>\n",
       "      <td>0.867235</td>\n",
       "      <td>0.828746</td>\n",
       "      <td>0.660712</td>\n",
       "      <td>0.188294</td>\n",
       "      <td>0.939799</td>\n",
       "      <td>0.933878</td>\n",
       "      <td>-0.518904</td>\n",
       "      <td>1.000000</td>\n",
       "      <td>0.937832</td>\n",
       "      <td>0.766880</td>\n",
       "      <td>-0.749786</td>\n",
       "      <td>0.941703</td>\n",
       "      <td>0.789049</td>\n",
       "    </tr>\n",
       "    <tr>\n",
       "      <th>GS</th>\n",
       "      <td>0.709455</td>\n",
       "      <td>0.772938</td>\n",
       "      <td>0.783799</td>\n",
       "      <td>0.626417</td>\n",
       "      <td>0.271122</td>\n",
       "      <td>0.911394</td>\n",
       "      <td>0.903393</td>\n",
       "      <td>-0.506903</td>\n",
       "      <td>0.937832</td>\n",
       "      <td>1.000000</td>\n",
       "      <td>0.764402</td>\n",
       "      <td>-0.711566</td>\n",
       "      <td>0.892724</td>\n",
       "      <td>0.728489</td>\n",
       "    </tr>\n",
       "    <tr>\n",
       "      <th>XOM</th>\n",
       "      <td>0.584027</td>\n",
       "      <td>0.542514</td>\n",
       "      <td>0.634718</td>\n",
       "      <td>0.434190</td>\n",
       "      <td>0.122914</td>\n",
       "      <td>0.710781</td>\n",
       "      <td>0.696785</td>\n",
       "      <td>-0.476359</td>\n",
       "      <td>0.766880</td>\n",
       "      <td>0.764402</td>\n",
       "      <td>1.000000</td>\n",
       "      <td>-0.569785</td>\n",
       "      <td>0.739543</td>\n",
       "      <td>0.538721</td>\n",
       "    </tr>\n",
       "    <tr>\n",
       "      <th>NKE</th>\n",
       "      <td>-0.576032</td>\n",
       "      <td>-0.653269</td>\n",
       "      <td>-0.724639</td>\n",
       "      <td>-0.487051</td>\n",
       "      <td>-0.216409</td>\n",
       "      <td>-0.708974</td>\n",
       "      <td>-0.689114</td>\n",
       "      <td>0.684117</td>\n",
       "      <td>-0.749786</td>\n",
       "      <td>-0.711566</td>\n",
       "      <td>-0.569785</td>\n",
       "      <td>1.000000</td>\n",
       "      <td>-0.712783</td>\n",
       "      <td>-0.617683</td>\n",
       "    </tr>\n",
       "    <tr>\n",
       "      <th>BRK-B</th>\n",
       "      <td>0.774107</td>\n",
       "      <td>0.868982</td>\n",
       "      <td>0.906713</td>\n",
       "      <td>0.825121</td>\n",
       "      <td>-0.005808</td>\n",
       "      <td>0.983032</td>\n",
       "      <td>0.971687</td>\n",
       "      <td>-0.350228</td>\n",
       "      <td>0.941703</td>\n",
       "      <td>0.892724</td>\n",
       "      <td>0.739543</td>\n",
       "      <td>-0.712783</td>\n",
       "      <td>1.000000</td>\n",
       "      <td>0.909308</td>\n",
       "    </tr>\n",
       "    <tr>\n",
       "      <th>MSFT</th>\n",
       "      <td>0.816313</td>\n",
       "      <td>0.855372</td>\n",
       "      <td>0.953567</td>\n",
       "      <td>0.939143</td>\n",
       "      <td>-0.119686</td>\n",
       "      <td>0.933168</td>\n",
       "      <td>0.921600</td>\n",
       "      <td>-0.162804</td>\n",
       "      <td>0.789049</td>\n",
       "      <td>0.728489</td>\n",
       "      <td>0.538721</td>\n",
       "      <td>-0.617683</td>\n",
       "      <td>0.909308</td>\n",
       "      <td>1.000000</td>\n",
       "    </tr>\n",
       "  </tbody>\n",
       "</table>\n",
       "</div>"
      ],
      "text/plain": [
       "            DPZ      AAPL      GOOG       AMD       GME       SPY      NFLX  \\\n",
       "DPZ    1.000000  0.567057  0.838901  0.791743 -0.053495  0.806595  0.800043   \n",
       "AAPL   0.567057  1.000000  0.864897  0.707032  0.161443  0.892365  0.865382   \n",
       "GOOG   0.838901  0.864897  1.000000  0.847518  0.009715  0.933513  0.914535   \n",
       "AMD    0.791743  0.707032  0.847518  1.000000 -0.213191  0.853304  0.845321   \n",
       "GME   -0.053495  0.161443  0.009715 -0.213191  1.000000  0.054684  0.047374   \n",
       "SPY    0.806595  0.892365  0.933513  0.853304  0.054684  1.000000  0.988377   \n",
       "NFLX   0.800043  0.865382  0.914535  0.845321  0.047374  0.988377  1.000000   \n",
       "BA    -0.238510 -0.206706 -0.275088 -0.069233 -0.321304 -0.342414 -0.348135   \n",
       "WMT    0.651959  0.867235  0.828746  0.660712  0.188294  0.939799  0.933878   \n",
       "GS     0.709455  0.772938  0.783799  0.626417  0.271122  0.911394  0.903393   \n",
       "XOM    0.584027  0.542514  0.634718  0.434190  0.122914  0.710781  0.696785   \n",
       "NKE   -0.576032 -0.653269 -0.724639 -0.487051 -0.216409 -0.708974 -0.689114   \n",
       "BRK-B  0.774107  0.868982  0.906713  0.825121 -0.005808  0.983032  0.971687   \n",
       "MSFT   0.816313  0.855372  0.953567  0.939143 -0.119686  0.933168  0.921600   \n",
       "\n",
       "             BA       WMT        GS       XOM       NKE     BRK-B      MSFT  \n",
       "DPZ   -0.238510  0.651959  0.709455  0.584027 -0.576032  0.774107  0.816313  \n",
       "AAPL  -0.206706  0.867235  0.772938  0.542514 -0.653269  0.868982  0.855372  \n",
       "GOOG  -0.275088  0.828746  0.783799  0.634718 -0.724639  0.906713  0.953567  \n",
       "AMD   -0.069233  0.660712  0.626417  0.434190 -0.487051  0.825121  0.939143  \n",
       "GME   -0.321304  0.188294  0.271122  0.122914 -0.216409 -0.005808 -0.119686  \n",
       "SPY   -0.342414  0.939799  0.911394  0.710781 -0.708974  0.983032  0.933168  \n",
       "NFLX  -0.348135  0.933878  0.903393  0.696785 -0.689114  0.971687  0.921600  \n",
       "BA     1.000000 -0.518904 -0.506903 -0.476359  0.684117 -0.350228 -0.162804  \n",
       "WMT   -0.518904  1.000000  0.937832  0.766880 -0.749786  0.941703  0.789049  \n",
       "GS    -0.506903  0.937832  1.000000  0.764402 -0.711566  0.892724  0.728489  \n",
       "XOM   -0.476359  0.766880  0.764402  1.000000 -0.569785  0.739543  0.538721  \n",
       "NKE    0.684117 -0.749786 -0.711566 -0.569785  1.000000 -0.712783 -0.617683  \n",
       "BRK-B -0.350228  0.941703  0.892724  0.739543 -0.712783  1.000000  0.909308  \n",
       "MSFT  -0.162804  0.789049  0.728489  0.538721 -0.617683  0.909308  1.000000  "
      ]
     },
     "execution_count": 3,
     "metadata": {},
     "output_type": "execute_result"
    }
   ],
   "source": [
    "corr_matrix = df.corr()\n",
    "corr_matrix"
   ]
  },
  {
   "cell_type": "code",
   "execution_count": 4,
   "id": "424013ae",
   "metadata": {},
   "outputs": [
    {
     "data": {
      "text/plain": [
       "DPZ      0\n",
       "AAPL     0\n",
       "GOOG     0\n",
       "AMD      0\n",
       "GME      0\n",
       "SPY      0\n",
       "NFLX     0\n",
       "BA       0\n",
       "WMT      0\n",
       "GS       0\n",
       "XOM      0\n",
       "NKE      0\n",
       "BRK-B    0\n",
       "MSFT     0\n",
       "dtype: int64"
      ]
     },
     "execution_count": 4,
     "metadata": {},
     "output_type": "execute_result"
    }
   ],
   "source": [
    "df.isnull().sum()#checking for nan's"
   ]
  },
  {
   "cell_type": "code",
   "execution_count": 5,
   "id": "1b46de7a",
   "metadata": {},
   "outputs": [
    {
     "data": {
      "text/plain": [
       "<Axes: >"
      ]
     },
     "execution_count": 5,
     "metadata": {},
     "output_type": "execute_result"
    },
    {
     "data": {
